4,40
4,39
4,4
4,10
4,24
4,14
4,30
4,65
4,77
4,69
4,1
4,82
4,2
4,3
6,6
6,1
6,7
6,2
6,3
7,12
7,10
7,4
7,9
7,11
7,1
7,13
7,2
7,3
5,4
5,2
5,1
5,3
0,273
0,270
61,36
61,35
3,2
3,1
3,3
10,13
10,121
10,279
10,87
10,181
10,35
11,13
11,9
11,7
9,5
8,7
8,8
8,12
8,13
8,9
8,17
8,5
8,2
8,3
47,4
47,3
47,2
47,1
47,0
46,3
46,2
46,1
46,0
45,3
45,2
45,1
45,0
44,3
44,1
43,3
43,1
41,3
41,1
38,3
38,1
36,3
36,1
34,3
34,1
32,3
32,1
27,3
27,1
24,3
24,1
17,3
17,2
17,1
16,3
16,2
16,1
15,3
15,2
15,1
14,2
13,2
12,3
12,2
12,1
11,29
11,28
11,27
11,26
11,25
20,2
20,1
20,3
11,24
11,23
11,22
11,21
11,20
11,19
11,18
